lp__ <- -135467.0
accept_stat__ <- 1.0
stepsize__ <- 0.0331724
treedepth__ <- 2.0
n_leapfrog__ <- 3.0
n_divergent__ <- 0.0
theta_re_flat <- -4.80308
theta_im_flat <- -2.60193
theta_re_f0_980 <- -4.99998
theta_im_f0_980 <- -0.962618
theta_re_f0_600 <- -4.86835
theta_im_f0_600 <- 4.98968
theta_re_f0_1370 <- -4.30825
theta_im_f0_1370 <- -3.43766
theta_re_f0_1500 <- 0.199782
theta_im_f0_1500 <- 3.81197
theta_re_f2_1270 <- 4.29917
theta_im_f2_1270 <- 4.99104
theta_background_flat_abs2 <- 2.57164
theta_background_rho_770_abs2 <- 1.74011
theta.1.1 <- -4.80308
theta.2.1 <- -2.60193
theta.1.2 <- -4.99998
theta.2.2 <- -0.962618
theta.1.3 <- -4.86835
theta.2.3 <- 4.98968
theta.1.4 <- -4.30825
theta.2.4 <- -3.43766
theta.1.5 <- 0.199782
theta.2.5 <- 3.81197
theta.1.6 <- 1.0
theta.2.6 <- 0.0
theta.1.7 <- 4.29917
theta.2.7 <- 4.99104
theta_background_abs2.1 <- 2.57164
theta_background_abs2.2 <- 1.74011
