theta <- structure(c(-1.1789795785524197, 0.67794332606520935, 1.3694066410273278, 0.29107636714486301, 3.6949292785919234, -0.19364303809889216, 1.2136545544463624, -0.46587833440889037, 0.79127378037251639, -0.76412420750489707, 1.0, 0.0, -1.1437419735315568, -1.7612081926853904), .Dim = c(2,7))
theta_background_abs2 <- c(0.2, 0.2)