theta <- structure(c(1.0, 0.0, 0.707106781187, 0.707106781187), .Dim =  c(2,2)))
