theta_polar <- structure(c(1.0, 0.0, 1.0, 180), .Dim = c(2,2))
