theta <- structure(c(1.3694066410273278, 0.29107636714486301, 1.2136545544463624, -0.46587833440889037, 1.0, 0.0, -1.1437419735315568, -1.7612081926853904), .Dim = c(2,4))
theta_background_abs2 <- c(0.0)
