y <-
c(1.74311, 2.60062, 3.58613, 0.270584, 0.0414803, -1.67956, -1.00633, -1.3576, -1.54942, 1.78494, -1.00021, 0.416025, -1.73278, -1.45277, -1.34348, -0.441896, 0.39747, -1.10603, 2.0196, 3.39928, -1.09478, 0.0238108, 0.472922, -1.63206, -1.59384, -1.59384, -2.36509, 1.38959, -2.27835, -1.65749, -0.154721, 0.85755, -1.11054, -1.66719, -2.36702, 2.30147, 2.01336, 1.4052, 2.34097, 0.0563186, 1.56393, 1.51919, 0.914898, 1.45291, 1.26627, 1.10232, 1.31188, -1.67177, -2.15536, 2.28956, 3.76526, 3.76526, 1.4391, -2.10244, 0.85128, 1.13535, 1.79663, 0.0589993, 2.91206, 2.25437, 3.35243, 2.10501, 1.39732, -2.13978, -0.151828, 3.28268, 0.935214, -0.370712, 3.24391, 2.85532, 0.455545, 0.0675949, -0.962329, -0.239315, 1.68481, 1.08429, 1.03624, -0.252333, 2.44106, 0.306645, 3.49738, 2.74949, -1.3127, -1.6594, 1.25635, -2.0908, -1.59801, -1.58596, 1.0223, -2.32281, -4.47884, -3.21982, -4.11171, -3.44417, -2.69946, 0.985217, -0.573729, 0.873897, 0.026226, 1.70971, -1.52318, -2.02207, 1.02751, 0.684937, 2.95986, 0.624726, 0.795084, 0.0528924, 0.735065, -1.24439, -2.00399, 1.48834, 0.889277, -0.938427, -0.938427, -3.69956, -0.968621, 0.492757, 0.683648, 0.119971, 0.031359, -0.539014, 0.305894, -0.532934, 0.965297, 1.49659, -0.55831, 0.0473697, -0.38301, -0.38301, 0.05779, -0.0339778, -0.0339778, -0.0339778, -1.90931, -0.310939, -2.60799, -1.62005, 3.39408, -3.2891, -2.43389, 4.32591, 3.52283, 0.410872, 1.15126, -0.359389, 1.31755, -0.491028, 0.543026, 0.543026, 1.42065, 1.66555, -0.018116, 1.00618, 0.612163, -0.508625, 0.146608, -3.69778, -5.31788, 1.64112, 1.90596, -1.76129, -0.221198, 0.996093, -2.1455, -2.93892, -2.20902, -0.490461, -0.967679, -0.740709, 0.29433, -0.23333, -1.3894, 0.963185, -0.691365, 0.809116, 4.93388, 1.13622, -5.40668, -1.63423, -1.59482, 0.98357, 1.41733, -0.742141, 0.757631, -0.662256, 1.7525, 0.499217, 0.738934, 1.11178, -2.56233, -3.05852, -3.44181, -3.44181, -3.91337, 3.74117, 0.468236, 2.34864, 1.71126, 1.86599, 1.2913, 0.88215, 1.17864, -1.86208, -1.561, -2.47231, 0.477734, 2.73458, -2.78839, -2.32024, -2.06636, -0.320407, -0.657418, 0.668799, -0.874867, -1.50321, -0.155803, 0.192911, 1.18729, -1.50895, 1.94598, 1.36466, -3.25186, -2.49135, -2.45558, 1.3534, 1.94489, 0.614084, 0.54124, 1.48991, -1.33381, 0.321397, -0.0364711, -1.27571, -1.10376, -5.34815, -4.28675, -3.77714, -2.40227, 0.651067, -1.80647, 1.07947, -1.12656, -0.788395, 1.42669, 1.1527, -0.720944, -0.684433, -3.71309, 3.57646, 3.57646, 2.1747, 0.128286, 0.960696, -2.86098, -3.53936, -3.23894, -3.23894, -2.05001, -0.598469, 0.957977, 4.64849, 6.03434, 4.44573, 4.96767, 5.94383, 6.33032, 5.90033, 0.400201, -4.68332, -0.487381, -3.18172, -2.26204, -0.172814, 1.8994, -2.13534, -2.03658, -1.4729, 1.16905, 1.32284, 1.06712, -0.942218, -0.483061, -2.17706, -3.36172, -2.01376, -0.10405, -0.147991, -1.02535, 1.47775, 1.23861, 2.10355, 2.74059, -1.29065, -4.83684, 0.873536, 0.682525, -2.12712, -0.36118, -0.287187, 1.19781, 1.85065, 1.86785, 2.59984, 1.83609, 2.86752, 2.98437, 3.91166, -3.72316, 2.25386, 2.04642, -1.95757, -0.173041, -1.23742, -1.15069, -0.948004, -1.30255, -0.0928055, -0.244817, -0.921074, -1.16524, -1.15117, -0.933937, 0.424524, 0.503243, 4.35737, -4.54732, -3.39759, -0.306126, 2.56484, 1.65202, 1.29356, -0.66508, -1.53753, 1.31153, 0.901656, -0.252618, -0.341563, -1.38765, 0.526977, 1.02144, 0.337997, 3.97139, -1.68486, -1.91761, -1.66984, -1.75652, -1.25917, -1.20203, -0.781441, 1.55217, 2.04339, 1.65867, 0.964241, -1.07186, -0.771577, 1.32363, 0.955499, 1.08451, -2.62166, -3.08666, 3.06405, 1.81455, -1.3741, 2.55016, 2.82527, 1.85433, -1.07148, -3.73254, -2.38381, 1.17072, -0.2958, 1.27482, -0.57825, -0.653112, 0.604613, -1.06992, -0.924616, -0.610126, 2.6629, 2.34491, 0.548383, 0.575408, -3.64905, 3.55862, -3.46399, 0.352313, 0.401137, -0.868086, 0.838996, 0.566977, 0.419734, 0.753589, -1.35044, -0.66638, 0.158287, 0.149095, -1.50473, -1.39516, 0.666997, 0.851368, -0.115971, -1.51501, -2.03187, -0.521195, -2.62295, -2.74566, -2.43995, -3.07569, -2.4506, 0.184247, 1.62426, 2.62131, 0.810722, -0.511043, -1.03509, 0.874557, 3.16162, 3.26122, 2.0333, 0.533654, -2.49899, -2.41965, -1.95981, 0.842693, 1.21926, 1.701, -0.615428, 1.62784, -2.16079, -1.47802, -1.47802, -2.34175, -2.47555, 1.46358, 1.30309, -0.767557, -1.16263, 0.288484, 0.130603, -0.793427, 0.45176, 1.04137, -1.16677, -1.90274, -0.724657, 0.91266, -0.912633, 1.20642, -0.48277, -0.48277, 0.952249, -0.976194, 1.61568, -2.22179, -2.09557, 0.243776, 1.65138, 1.47305, -0.655122, 1.83566, 1.53097, 1.47085, -0.404905, 1.02235, -1.13755, 0.395779, -1.59709, 1.88819, -1.98034, -1.45647, 2.00072, 1.68127, 1.22792, 0.364039, 0.0125806, -0.624706, 1.20402, -0.533195, -2.41316, -2.2616, -2.46794, 0.109931, -0.113185, -1.50562, -1.11324, 0.0793102, 3.50563, -1.92341, -1.34952, 0.832051, 1.07734, 0.902102, -0.120631, -2.97884, -0.466346, 1.96974, 1.95245, -0.8205, 1.41459, 1.93764, 2.01672, 2.85752, 1.80177, 0.194117, -1.07745, 1.23697, 0.285123, 1.04984, -0.124331, 0.737239, 0.743275, -0.768969, -0.768969, -1.28129, 0.21404, -0.433547, 1.29583, 1.66236, 2.21423, 1.90316, 1.57894, 1.29953, -1.74916, -2.21761, -1.74051, 0.435322, 2.23184, 2.01934, 2.21489, 1.35262, 0.8296, -0.173571, 1.13588, -0.077529, 0.0515267, 0.331908, 0.331908, 1.18853, 1.55616, -2.55495, -2.92985, 0.687699, 0.687699, 1.11955, -0.0759234, 2.67098, -0.949068, 3.55913, 3.60015, -0.0628297, 1.45042, 2.43109, 3.0061, -1.25928, 0.548408, 0.71046, 0.284335, 0.416575, -0.71311, -4.72088, -3.02611, -0.0128826, 0.805434, 0.739108, 2.79075, -1.19452, -0.0427798, -1.26458, 0.597077, 0.941303, -0.422658, 0.566015, 0.804083, -0.489405, -0.327011, -1.48315, 0.104438, 0.942832, -1.69335, 1.22744, -2.00879, -2.62252, -3.96303, -3.06427, -0.797009, 0.462304, -0.542213, -1.05749, 2.31335, 2.31335, 3.29441, 2.52881, -1.33714, -1.74156, -3.22745, 0.425425, 1.00264, -1.39092, 1.03917, 3.5725, -0.051361, 1.54201, 0.464188, 0.28756, 0.0140972, -1.10819, 0.673308, -1.61131, -1.09832, -1.33222, 1.38192, 0.862551, 0.926355, 2.05152, -1.13809, -2.96592, 0.250197, -1.14255, -1.75886, 0.380061, 0.513953, 0.776525, 0.523396, 0.0752859, 0.790685, -1.55234, -2.14636, 0.255819, 0.255819, 0.255819, -2.21062, 3.68136, -3.67669, -2.53481, -2.10759, -1.91286, 1.70387, -0.401673, 1.22563, 1.26588, 0.788674, 0.674635, -0.580066, -0.425625, -0.136983, 0.696053, -1.28783, 0.871287, 3.4725, 3.65424, -1.44059, 0.715312, 0.777266, 0.840811, -0.963178, 1.13659, 1.83807, 1.54712, 0.213351, -1.73528, -3.11231, -3.57389, 0.0231118, -0.146414, 0.0166392, -1.03186, 0.977985, -1.45731, 3.30609, 0.0311415, -3.3665, -2.79938, 0.635928, 4.39055, -4.25873, -0.138938, -1.14189, 2.41278, 0.110757, -1.46059, -2.04735, 1.67134, -0.443111, -0.0990577, -0.289903, 2.79364, 3.43946, 2.15603, 1.75288, 2.10916, 3.05222, 3.77834, 4.02864, 0.609757, -1.14819, 0.372707, 1.02598, 1.36505, 1.86562, 1.239, 1.39254, 5.19025, -2.99586, -4.10217, -2.73924, 0.108116, -2.26553, 0.392431, -0.27286, 2.1892, -2.43135, -2.9881, 0.176849, 1.53105, -0.692918, -0.692918, -0.356153, 0.658217, -0.339523, 0.20373, -0.582701, -0.593034, -0.835652, 1.37797, -0.490601, -3.75408, -0.741442, -1.05968, -1.01041, 0.527919, 0.511489, 0.910535, -0.359716, -0.359716, -2.09809, -2.09809, 0.23772, 1.30223, -3.69296, -4.53013, -2.8199, 4.94512, -5.16339, -3.3995, -2.33935, 0.00493142, 1.68265, 1.95571, 0.350695, 0.350695, 0.271434, -2.14951, -1.64566, 0.886247, -1.7629, 1.06301, 0.738462, -1.03612, 0.694937, -0.378065, 0.335286, 1.18152, 0.382988, 0.329885, -1.44242, -0.882396, 3.37204, -0.756768, 1.34897, 1.22629, 0.817531, -3.39413, 3.51321, 3.90186, -0.195572, 0.188713, -3.17734, -2.96678, -1.96117, -0.591209, -3.28436, -4.25227, -2.59174, 0.895629, -3.73679, 0.920005, 0.110243, -2.5048, -4.00928, -3.97102, 1.71657, -0.99445, -0.657774, -0.281215, -2.21174, -0.107652, -0.645978, 1.18865, -1.36838, 0.384206, 0.109621, -0.955098, 0.195649, 0.364425, -0.798942, -1.27422, -1.72837, 1.74869, -2.26454, -2.13142, 0.827573, -1.40428, 1.686, 