N <- 10
y <- c(-3.9, -1.2, 3.6, 0.7, 2.6, 3.2, 2.2, 3.1, -1.7, -1.9)