theta <- structure(c(1.0, 0.0, 6.12323399574e-17, 1.0), .Dim =  c(2,2)))
