theta <- structure(c(1.0,0.0,  0.0335407173314,0.238654604567,  -0.427748458441,-0.098753512857,  -0.0785,0.135965988394,  -0.36722102629,0.112270734614,  0.623144829687,-0.0326576366956), .Dim = c(2,6))
