y <- structure(c(0.5,0.5,0.5,0.5,0.5), .Dim = c(5))
