theta <- structure(c(1.0, 0.0, -1.0, 1.22464679915e-16), .Dim =  c(2,2)))
